80 80 -35 -49 -41 -39 -63 -63 -63 -57
80 80 -39 -49 -37 -39 -63 -63 -71 -57
80 80 -39 -49 -37 -39 -63 -63 -71 -55
80 80 -35 -49 -47 -39 -63 -63 -65 -55
80 80 -35 -49 -47 -39 -71 -63 -65 -55
80 80 -35 -49 -47 -39 -71 -61 -65 -55
80 80 -35 -49 -43 -39 -71 -61 -65 -55
80 80 -35 -49 -43 -39 -69 -63 -65 -55
80 80 -35 -49 -43 -37 -69 -63 -65 -55
80 80 -33 -49 -43 -37 -69 -63 -65 -55
80 80 -33 -49 -43 -37 -63 -65 -65 -67
80 80 -37 -49 -43 -37 -63 -65 -63 -67
80 80 -49 -49 -43 -37 -63 -65 -63 -67
80 80 -33 -49 -43 -37 -63 -65 -63 -53
80 80 -35 -49 -41 -37 -63 -65 -65 -53
80 80 -35 -49 -41 -37 -63 -63 -65 -55
80 80 -35 -49 -45 -37 -63 -63 -63 -55
80 80 -33 -49 -45 -37 -71 -63 -61 -53
80 80 -35 -49 -43 -37 -71 -63 -85 -53
80 80 -35 -49 -43 -37 -73 -63 -85 -55
80 80 -61 -49 -43 -37 -73 -63 -85 -55
80 80 -35 -49 -63 -37 -73 -63 -63 -55
80 80 -49 -49 -63 -37 -73 -63 -63 -55
80 80 -35 -49 -63 -37 -73 -63 -63 -55
80 80 -35 -49 -45 -37 -73 -63 -63 -55
80 80 -35 -49 -45 -37 -73 -63 -63 -53
80 80 -37 -49 -45 -37 -73 -63 -63 -53
80 80 -37 -49 -45 -37 -73 -65 -63 -55
80 80 -35 -49 -47 -37 -73 -65 -63 -55
80 80 -35 -49 -47 -37 -71 -65 -63 -55
80 80 -35 -49 -45 -37 -71 -65 -63 -55
80 80 -35 -49 -45 -37 -71 -63 -63 -55
80 80 -35 -49 -47 -37 -71 -63 -63 -55
80 80 -35 -49 -47 -39 -71 -63 -61 -55
80 80 -35 -49 -47 -39 -71 -67 -61 -57
80 80 -35 -49 -45 -39 -71 -67 -63 -57
80 80 -35 -49 -45 -37 -71 -67 -63 -57
80 80 -35 -49 -45 -37 -71 -67 -63 -55
80 80 -35 -49 -45 -37 -71 -67 -61 -55
80 80 -35 -49 -45 -37 -71 -81 -61 -53
80 80 -37 -49 -45 -37 -71 -81 -61 -53
80 80 -37 -49 -45 -37 -71 -81 -63 -53
80 80 -33 -49 -45 -37 -71 -81 -63 -57
80 80 -35 -49 -45 -37 -71 -81 -61 -57
80 80 -35 -49 -45 -37 -71 -67 -61 -55
80 80 -61 -49 -45 -37 -71 -67 -61 -55
80 80 -75 -49 -45 -37 -71 -67 -63 -55
80 80 -35 -51 -45 -37 -71 -67 -63 -55
80 80 -35 -51 -45 -37 -69 -65 -63 -55
80 80 -35 -49 -45 -37 -69 -65 -65 -55
80 80 -35 -49 -45 -37 -71 -65 -65 -55
80 80 -37 -49 -45 -37 -71 -65 -65 -55
80 80 -37 -49 -45 -37 -71 -67 -65 -55
80 80 -37 -49 -45 -37 -69 -67 -65 -55
80 80 -37 -49 -45 -37 -69 -65 -65 -53
80 80 -35 -85 -43 -37 -69 -65 -63 -53
80 80 -35 -85 -43 -39 -69 -65 -63 -53
80 80 -33 -85 -43 -39 -69 -65 -63 -53
80 80 -37 -49 -43 -39 -69 -65 -63 -53
80 80 -37 -49 -43 -39 -69 -65 -63 -55
80 80 -37 -49 -45 -39 -69 -65 -63 -55
80 80 -37 -49 -45 -39 -69 -63 -63 -55
80 80 -35 -49 -39 -39 -69 -63 -61 -55
80 80 -37 -47 -41 -39 -69 -63 -63 -55
80 80 -37 -47 -41 -39 -67 -63 -63 -55
80 80 -35 -49 -41 -39 -67 -63 -63 -55
80 80 -35 -49 -41 -39 -67 -63 -63 -57
80 80 -35 -49 -57 -39 -67 -63 -63 -57
80 80 -37 -49 -45 -39 -67 -63 -63 -57
80 80 -37 -49 -45 -39 -75 -63 -63 -55
80 80 -37 -49 -43 -39 -75 -63 -65 -55
80 80 -37 -49 -43 -37 -75 -63 -65 -55
80 80 -33 -49 -43 -37 -75 -63 -65 -55
80 80 -35 -49 -43 -37 -69 -65 -65 -57
80 80 -37 -47 -43 -37 -69 -65 -65 -57
80 80 -37 -47 -43 -39 -69 -65 -65 -57
80 80 -37 -47 -43 -39 -69 -61 -65 -55
80 80 -33 -47 -41 -39 -69 -61 -65 -55
80 80 -33 -47 -41 -37 -69 -61 -65 -55
80 80 -33 -47 -39 -37 -69 -65 -65 -55
80 80 -33 -49 -41 -37 -69 -65 -63 -55
80 80 -33 -49 -41 -37 -67 -65 -63 -55
80 80 -37 -49 -43 -37 -67 -65 -65 -55
80 80 -35 -49 -43 -37 -67 -65 -65 -55
80 80 -35 -49 -43 -37 -67 -65 -63 -55
80 80 -37 -47 -39 -37 -67 -65 -81 -55
80 80 -37 -47 -39 -37 -67 -69 -81 -55
80 80 -37 -49 -43 -37 -67 -69 -65 -55
80 80 -37 -49 -43 -37 -67 -67 -65 -57
80 80 -35 -49 -45 -37 -67 -67 -65 -57
80 80 -35 -49 -45 -37 -69 -67 -65 -55
80 80 -37 -49 -45 -37 -69 -67 -65 -55
80 80 -37 -49 -45 -37 -69 -65 -65 -57
80 80 -35 -49 -45 -37 -69 -65 -65 -57
80 80 -37 -47 -45 -37 -69 -65 -63 -57
80 80 -35 -47 -45 -37 -69 -65 -63 -57
80 80 -37 -49 -45 -37 -69 -65 -67 -57
80 80 -35 -49 -45 -37 -69 -67 -67 -57
80 80 -35 -49 -47 -37 -69 -67 -65 -57
80 80 -35 -49 -47 -37 -69 -65 -65 -57
120 80 -33 -55 -33 -37 -57 -59 -59 -51
120 80 -33 -55 -33 -39 -59 -57 -59 -53
120 80 -33 -55 -31 -39 -59 -57 -59 -53
120 80 -33 -55 -31 -39 -65 -59 -59 -53
120 80 -33 -49 -33 -39 -65 -59 -63 -53
120 80 -33 -49 -31 -39 -65 -59 -63 -53
120 80 -33 -55 -33 -39 -65 -59 -63 -53
120 80 -33 -55 -35 -39 -65 -59 -63 -53
120 80 -31 -55 -31 -39 -65 -59 -63 -51
120 80 -33 -55 -33 -39 -65 -59 -63 -51
120 80 -33 -55 -33 -37 -65 -59 -53 -51
120 80 -33 -55 -33 -37 -65 -59 -61 -51
120 80 -33 -55 -33 -37 -65 -59 -61 -65
120 80 -33 -55 -33 -37 -65 -59 -59 -65
120 80 -33 -53 -33 -37 -65 -59 -59 -65
120 80 -33 -53 -33 -37 -59 -59 -59 -51
120 80 -33 -55 -33 -37 -59 -59 -61 -51
120 80 -33 -55 -33 -37 -59 -59 -59 -51
120 80 -33 -55 -33 -37 -59 -59 -59 -53
120 80 -33 -53 -33 -37 -59 -59 -61 -53
120 80 -33 -53 -33 -37 -61 -59 -61 -51
120 80 -33 -55 -33 -59 -59 -59 -61 -51
120 80 -33 -71 -33 -59 -59 -59 -61 -51
120 80 -33 -55 -35 -59 -59 -59 -63 -51
120 80 -33 -55 -31 -37 -59 -59 -63 -51
120 80 -33 -55 -31 -37 -67 -59 -63 -51
120 80 -33 -55 -35 -37 -67 -59 -63 -51
120 80 -33 -55 -35 -37 -67 -59 -63 -53
120 80 -33 -53 -33 -37 -67 -59 -61 -53
120 80 -33 -53 -33 -37 -67 -59 -61 -51
120 80 -35 -55 -33 -37 -67 -59 -61 -51
120 80 -35 -55 -33 -37 -63 -57 -61 -51
120 80 -33 -57 -33 -37 -63 -57 -61 -51
120 80 -33 -57 -33 -39 -63 -57 -61 -51
120 80 -33 -57 -33 -39 -59 -59 -61 -51
120 80 -33 -55 -33 -39 -59 -59 -61 -51
120 80 -33 -53 -33 -39 -59 -59 -61 -51
120 80 -33 -55 -33 -37 -61 -59 -61 -51
120 80 -33 -55 -33 -37 -61 -59 -61 -53
120 80 -33 -55 -33 -37 -61 -59 -63 -53
120 80 -33 -55 -33 -37 -61 -59 -63 -51
120 80 -33 -55 -33 -37 -67 -59 -63 -51
120 80 -33 -55 -31 -39 -67 -59 -63 -51
120 80 -31 -55 -31 -39 -59 -59 -63 -51
120 80 -33 -55 -33 -39 -59 -59 -61 -51
120 80 -33 -53 -33 -39 -59 -59 -63 -51
120 80 -33 -53 -33 -39 -59 -57 -61 -51
120 80 -33 -53 -33 -39 -59 -57 -63 -51
120 80 -35 -55 -33 -39 -59 -57 -61 -51
120 80 -35 -55 -33 -39 -67 -59 -61 -53
120 80 -33 -53 -33 -39 -67 -59 -59 -53
120 80 -33 -53 -33 -39 -63 -59 -59 -51
120 80 -31 -53 -33 -39 -63 -59 -61 -53
120 80 -33 -55 -33 -39 -63 -59 -61 -53
120 80 -33 -55 -33 -39 -63 -59 -61 -51
120 80 -33 -55 -57 -39 -63 -59 -57 -51
120 80 -33 -55 -57 -39 -63 -59 -65 -51
120 80 -33 -55 -57 -39 -69 -59 -57 -51
120 80 -33 -53 -33 -39 -69 -59 -57 -51
120 80 -33 -53 -33 -39 -61 -59 -57 -51
120 80 -33 -53 -33 -39 -61 -59 -61 -51
120 80 -33 -53 -33 -39 -65 -59 -61 -51
120 80 -33 -53 -33 -39 -65 -59 -57 -51
120 80 -33 -53 -33 -39 -65 -59 -59 -51
120 80 -33 -53 -33 -39 -61 -59 -59 -51
120 80 -31 -53 -33 -39 -61 -59 -59 -51
120 80 -31 -53 -33 -39 -67 -59 -59 -51
120 80 -33 -53 -33 -39 -67 -59 -59 -51
120 80 -33 -53 -33 -39 -69 -57 -59 -53
120 80 -31 -53 -33 -39 -69 -57 -61 -53
120 80 -31 -53 -33 -39 -67 -57 -61 -53
120 80 -31 -53 -31 -39 -67 -57 -61 -53
120 80 -31 -53 -31 -39 -67 -57 -59 -51
120 80 -33 -53 -33 -39 -67 -57 -61 -51
120 80 -33 -53 -33 -39 -61 -59 -61 -53
120 80 -33 -55 -33 -39 -61 -59 -59 -53
120 80 -33 -55 -33 -39 -67 -57 -59 -51
120 80 -33 -53 -33 -39 -67 -57 -61 -51
120 80 -35 -83 -33 -39 -67 -57 -59 -51
120 80 -35 -83 -45 -39 -67 -57 -59 -51
120 80 -33 -53 -45 -39 -67 -57 -59 -51
120 80 -33 -53 -31 -39 -67 -57 -59 -51
120 80 -33 -53 -31 -39 -63 -57 -59 -51
120 80 -33 -53 -33 -39 -63 -57 -59 -51
120 80 -33 -53 -33 -39 -59 -57 -59 -53
120 80 -33 -55 -33 -39 -59 -57 -61 -53
120 80 -33 -55 -33 -39 -67 -57 -61 -53
120 80 -33 -55 -33 -37 -67 -57 -61 -53
120 80 -31 -55 -33 -37 -67 -57 -57 -51
120 80 -33 -55 -33 -37 -67 -57 -59 -51
120 80 -31 -55 -33 -39 -67 -57 -59 -51
120 80 -31 -55 -33 -39 -67 -57 -59 -53
120 80 -33 -55 -33 -39 -67 -57 -59 -53
120 80 -35 -55 -33 -39 -67 -57 -61 -53
120 80 -73 -55 -33 -37 -67 -57 -61 -53
120 80 -73 -55 -33 -61 -67 -57 -61 -53
120 80 -33 -55 -33 -61 -67 -59 -61 -51
120 80 -35 -53 -33 -61 -67 -59 -61 -51
120 80 -35 -53 -33 -61 -69 -59 -61 -51
120 80 -35 -53 -33 -39 -69 -59 -61 -51
40 80 -49 -53 -45 -45 -67 -61 -55 -57
40 80 -49 -53 -45 -45 -69 -63 -55 -59
40 80 -49 -53 -51 -59 -69 -63 -63 -59
40 80 -49 -53 -51 -59 -69 -59 -63 -59
40 80 -47 -53 -41 -59 -69 -59 -65 -59
40 80 -47 -53 -41 -59 -63 -63 -65 -59
40 80 -49 -51 -45 -59 -63 -63 -63 -59
40 80 -49 -51 -45 -45 -63 -63 -63 -59
40 80 -47 -51 -45 -45 -63 -63 -63 -59
40 80 -47 -51 -45 -73 -63 -63 -63 -59
40 80 -45 -51 -45 -73 -63 -63 -63 -59
40 80 -49 -51 -45 -73 -63 -63 -65 -59
40 80 -49 -51 -45 -45 -63 -63 -65 -59
40 80 -49 -51 -45 -45 -63 -61 -65 -59
40 80 -49 -51 -43 -55 -63 -61 -63 -59
40 80 -49 -51 -43 -55 -65 -59 -63 -57
40 80 -51 -51 -43 -55 -65 -59 -63 -57
40 80 -51 -49 -43 -45 -65 -59 -63 -57
40 80 -49 -49 -43 -45 -63 -61 -63 -57
40 80 -51 -51 -45 -45 -63 -61 -65 -57
40 80 -51 -51 -45 -45 -63 -61 -65 -61
40 80 -51 -51 -43 -45 -63 -61 -65 -61
40 80 -49 -51 -43 -45 -63 -61 -63 -61
40 80 -49 -51 -43 -45 -63 -61 -63 -59
40 80 -51 -51 -43 -45 -63 -61 -63 -59
40 80 -49 -51 -43 -45 -63 -61 -63 -59
40 80 -49 -51 -43 -45 -65 -61 -63 -59
40 80 -49 -51 -59 -45 -65 -61 -63 -59
40 80 -51 -51 -43 -45 -65 -61 -63 -59
40 80 -51 -51 -43 -45 -65 -61 -63 -61
40 80 -49 -51 -41 -45 -65 -61 -63 -61
40 80 -49 -51 -41 -45 -65 -61 -65 -61
40 80 -51 -51 -41 -45 -65 -61 -65 -61
40 80 -51 -51 -41 -45 -63 -61 -65 -61
40 80 -53 -49 -41 -45 -63 -61 -65 -61
40 80 -53 -49 -41 -45 -63 -61 -65 -59
40 80 -53 -51 -41 -45 -63 -61 -63 -59
40 80 -51 -51 -41 -45 -63 -63 -63 -59
40 80 -55 -49 -41 -45 -63 -63 -63 -59
40 80 -55 -49 -41 -45 -65 -61 -63 -59
40 80 -51 -49 -59 -45 -65 -61 -63 -59
40 80 -51 -49 -59 -45 -65 -59 -63 -59
40 80 -53 -47 -41 -45 -65 -59 -63 -59
40 80 -53 -47 -41 -45 -63 -63 -63 -59
40 80 -53 -51 -41 -45 -63 -63 -65 -59
40 80 -53 -51 -41 -45 -63 -61 -65 -61
40 80 -53 -49 -41 -45 -63 -61 -63 -61
40 80 -51 -51 -41 -45 -63 -61 -65 -61
40 80 -51 -51 -41 -43 -63 -61 -65 -61
40 80 -51 -51 -41 -45 -63 -61 -65 -61
40 80 -53 -51 -41 -45 -63 -61 -65 -61
40 80 -51 -51 -39 -45 -65 -63 -65 -61
40 80 -53 -51 -41 -45 -65 -63 -65 -61
40 80 -53 -49 -41 -43 -65 -63 -61 -61
40 80 -53 -49 -41 -43 -63 -59 -61 -61
40 80 -53 -51 -41 -43 -63 -59 -65 -61
40 80 -53 -51 -41 -43 -65 -61 -65 -59
40 80 -51 -49 -41 -43 -65 -61 -65 -59
40 80 -51 -49 -41 -45 -65 -61 -63 -59
40 80 -51 -49 -41 -45 -63 -61 -63 -59
40 80 -53 -49 -41 -45 -63 -61 -65 -59
40 80 -53 -49 -41 -45 -61 -61 -65 -59
40 80 -51 -47 -39 -45 -61 -61 -65 -59
40 80 -51 -47 -39 -45 -61 -61 -65 -61
40 80 -53 -49 -41 -45 -61 -61 -65 -61
40 80 -53 -49 -41 -45 -65 -63 -65 -61
40 80 -51 -49 -41 -45 -65 -63 -65 -61
40 80 -51 -49 -41 -45 -65 -61 -65 -61
40 80 -55 -49 -41 -45 -65 -61 -65 -61
40 80 -55 -49 -41 -45 -65 -63 -65 -61
40 80 -53 -49 -41 -45 -65 -63 -65 -61
40 80 -51 -49 -41 -45 -65 -63 -65 -61
40 80 -51 -49 -41 -45 -65 -61 -65 -61
40 80 -51 -49 -39 -45 -65 -61 -65 -61
40 80 -73 -49 -39 -45 -65 -61 -65 -61
40 80 -49 -49 -39 -45 -65 -61 -65 -61
40 80 -49 -49 -53 -45 -65 -61 -65 -61
40 80 -51 -49 -39 -45 -65 -61 -65 -61
40 80 -51 -49 -39 -45 -65 -61 -63 -61
40 80 -51 -51 -39 -45 -65 -61 -63 -61
40 80 -51 -49 -39 -45 -65 -61 -65 -61
40 80 -49 -49 -39 -73 -65 -59 -65 -61
40 80 -51 -49 -39 -73 -65 -59 -65 -61
40 80 -51 -49 -39 -73 -63 -61 -65 -61
40 80 -49 -49 -41 -73 -63 -61 -65 -61
40 80 -49 -49 -41 -45 -63 -61 -65 -61
40 80 -51 -49 -41 -45 -63 -61 -65 -59
40 80 -53 -53 -39 -45 -63 -61 -65 -59
40 80 -53 -53 -39 -45 -67 -61 -65 -59
40 80 -51 -49 -39 -45 -67 -61 -65 -59
40 80 -51 -49 -39 -45 -65 -61 -65 -61
40 80 -51 -49 -41 -45 -65 -61 -65 -61
40 80 -51 -49 -41 -45 -61 -61 -65 -59
40 80 -51 -49 -55 -45 -61 -61 -65 -59
40 80 -53 -49 -39 -45 -61 -61 -65 -59
40 80 -53 -49 -39 -45 -61 -61 -65 -61
40 80 -53 -49 -41 -45 -61 -61 -63 -61
40 80 -51 -49 -41 -45 -61 -61 -63 -61
40 80 -51 -49 -41 -45 -63 -61 -63 -61
40 80 -55 -51 -39 -45 -63 -61 -65 -61
